106.67280000000001 36.38788700848676 2.738878261429107
126.5556 66.26235474877105 10.98591392712328
146.228 227.72595550215476 48.87649339895275
128.55440000000002 104.10930985158437 -16.340350402986246
162.32360000000003 14.33016072983137 38.04616103427659
170.6344 9.173345225752753 78.63348017185582
131.2896 77.97225705264741 9.02079632843197
142.546 38.405931329150754 0.3365103011802502
106.25200000000001 75.16105614117058 63.88976769662875
103.622 153.43676841579153 -36.1079339621018
112.3536 157.29140064347195 -39.27810967880608
102.5736 179.49301536716558 -46.26584475811144
120.4908 301.76971290805153 43.107637184541076
105.98639999999999 58.68436200378532 -70.64345190903231
112.1484 39.62842196328537 2.6849265470958352
112.1484 84.41147883229253 -37.00681582937718
