101.4 36.56631682142861 2.785606059934459 2.3922252672795334
120.3 66.35257277061505 10.90147887175289 0.568458131016247
139.0 227.72657782196413 48.88684629264508 0.21257288385429884
122.2 104.18348810504172 -16.17864824942409 0.38155779644210075
154.3 14.583454133036778 38.09168223283445 1.3965693248689481
162.2 9.528744055133656 78.727179466792 0.6398098077137958
124.8 78.01851820492769 8.976885942966698 0.5303392434502845
135.5 38.53738619937038 0.6017030456995174 1.2022277063423097
101.0 75.57663425756853 63.828642265919484 0.2960353699375378
106.8 157.33860384706563 -39.112152146288516 0.2838169768633284
108.2 179.49080000472824 -46.43897953386926 0.26525459939065965
127.1 301.83444557671015 43.03650059531907 0.33242107341924454
111.8 58.106639522636215 -70.6501185462327 0.2651595846509092
118.3 39.475334148492216 2.4131828339707453 1.7100801335372375
100.1 249.531865941879 34.45879435884087 0.33763825377919277
118.3 84.19641992117771 -37.15692809131609 0.29410820653136643
