106.67280000000001 36.38788700848676 2.738878261429107 2.2570466118233696
126.5556 66.26235474877105 10.98591392712328 0.5398482016121925
146.228 227.72595550215476 48.87649339895275 0.2020679155011111
128.55440000000002 104.10930985158437 -16.340350402986246 0.3626096278568974
162.32360000000003 14.330171897058674 38.04615827288275 1.3275950273132062
170.6344 9.1733442880642 78.63347958672269 0.6194162948512015
131.2896 77.97225705264741 9.02079632843197 0.5031834679801664
142.546 38.40593131155316 0.33650959512732775 1.140632679511346
106.25200000000001 75.16105614117058 63.88976769662875 0.2814177528066784
103.622 153.43676841579153 -36.1079339621018 0.3023515616947335
112.3536 157.29140064347195 -39.27810967880608 0.26974624471439174
102.5736 179.49301536716558 -46.26584475811144 0.2799349793080941
120.4908 301.76971290805153 43.107637184541076 0.35060617797706395
105.98639999999999 58.68436200378532 -70.64345190903231 0.2796583974934105
112.1484 39.62842196328537 2.6849265470958352 1.814506413805971
112.1484 84.41147883229253 -37.00681582937718 0.31024330712006426
