101.4 36.56631682142861 2.785606059934459
120.3 66.35257277061505 10.90147887175289
139.0 227.72657782196413 48.88684629264508
122.2 104.18348810504172 -16.17864824942409
154.3 14.583453677071935 38.09168294915305
162.2 9.528747634118252 78.7271808144282
124.8 78.01851820492769 8.976885942966698
135.5 38.53738619937038 0.6017030456995174
101.0 75.57663425756853 63.828642265919484
106.8 157.33860384706563 -39.112152146288516
108.2 179.49080000472824 -46.43897953386926
127.1 301.83444557671015 43.03650059531907
111.8 58.106639522636215 -70.6501185462327
118.3 39.475334148492216 2.4131828339707453
100.1 249.531865941879 34.45879435884087
118.3 84.19641992117771 -37.15692809131609
