106.73684210526316 36.38582762449265 2.7381587819131235
126.63157894736842 66.26131377954385 10.986903939761428
146.31578947368422 227.72594825995614 48.87637391192973
128.63157894736844 104.10846048172299 -16.342178528690315
162.42105263157896 14.327240715925898 38.04562029596567
170.73684210526315 9.169275335967157 78.63239508840022
131.3684210526316 77.97172480972543 9.0212917150336
142.63157894736844 38.40441405452669 0.333442817385431
106.31578947368422 75.1562475071739 63.89046913183456
103.6842105263158 153.43612606736218 -36.110039435621005
112.42105263157895 157.2908546954564 -39.280025079253356
124.36781609195403 179.48654573433893 -46.84944068854491
102.29885057471265 92.99573564699973 -44.52964757160862
146.0919540229885 301.98195793503317 42.864554120427265
128.50574712643677 56.74212219692175 -70.6579024513942
102.64367816091954 263.24465690370204 -10.17095606997218
135.97701149425288 39.10992706902439 1.7120049136234088
102.41379310344827 312.8949377584335 -9.200800657875124
115.0574712643678 249.47592255564754 34.411915854497025
106.66666666666666 314.8299359949409 -44.89477369184354
113.79310344827586 329.9324741900861 -37.674309987516416
135.97701149425288 83.68280722463945 -37.51270501952605
