106.73684210526316 36.38582762449265 2.7381587819131235 2.255493809672428
126.63157894736842 66.26131377954385 10.986903939761428 0.5395250495158664
146.31578947368422 227.72594825995614 48.87637391192973 0.20194669222356837
128.63157894736844 104.10846048172299 -16.342178528690315 0.36186007379793655
162.42105263157896 14.32724132209342 38.04562059048211 1.3268917864331082
170.73684210526315 9.169269290154883 78.63239318822804 0.6191184745168528
131.3684210526316 77.97172480972543 9.0212917150336 0.5031494174092438
142.63157894736844 38.40441405452669 0.333442817385431 1.13990374292695
106.31578947368422 75.1562475071739 63.89046913183456 0.28124784737704395
103.6842105263158 153.43612606736218 -36.110039435621005 0.3021695859820621
112.42105263157895 157.2908546954564 -39.280025079253356 0.2695803204722873
124.36781609195403 179.48654573433893 -46.84944068854491 0.2306851791367762
102.29885057471265 92.99573564699973 -44.52964757160862 0.31368164503230317
146.0919540229885 301.98195793503317 42.864554120427265 0.2893146831577709
128.50574712643677 56.74212219692175 -70.6579024513942 0.23080025652745256
102.64367816091954 263.24465690370204 -10.17095606997218 0.45804227263162095
135.97701149425288 39.10992706902439 1.7120049136234088 1.4675045827280226
102.41379310344827 312.8949377584335 -9.200800657875124 0.9347721163429837
115.0574712643678 249.47592255564754 34.411915854497025 0.293741967182804
106.66666666666666 314.8299359949409 -44.89477369184354 0.4056305657856962
113.79310344827586 329.9324748520161 -37.67430931763642 1.3773987181737644
135.97701149425288 83.68280722463945 -37.51270501952605 0.2558733506674636
