101.4 89.01232244823855 27.11323191087674
120.3 87.9573726542166 18.155841126029614
139.0 227.14603525077771 53.258720061665144
122.2 111.82556281689315 25.9472359765157
154.3 109.36425128305872 30.889236324611872
162.2 151.56075292117131 60.232181842313054
124.8 92.0004674694245 -28.577750562427937
135.5 76.04127221523106 33.17801050443615
101.0 142.21973664868514 31.96123161408674
106.8 165.73637371004756 17.998785373337764
108.2 185.36728758957102 40.29161729286879
127.1 248.2580102955949 55.20177151847687
111.8 155.94373427026514 -7.797440429277625
118.3 82.53786486062424 24.209571904464624
100.1 259.35791093543753 44.915382318980505
118.3 114.80785468298518 35.91988710336603
