106.73684210526316 87.11527587199753 27.46210613872817 31.62928754552366
126.63157894736842 87.30262720343632 17.837582947429983 36.911109306181494
146.31578947368422 227.1980819947259 53.0792411796655 5.276466630614297
128.63157894736844 112.98736749370485 22.276945994648656 35.17157318404202
162.42105263157896 106.63180828933774 32.1829273725715 7.549170401664893
170.73684210526315 150.89051393447588 61.36355031167687 4.475638328412814
131.3684210526316 91.46538686966001 -27.70028547826869 26.517748324214413
142.63157894736844 74.50800000275106 33.32614623554094 27.17399075775873
106.31578947368422 140.85517979457467 32.78067924888782 7.372143305597668
103.6842105263158 162.54298076338972 -6.624550916305382 23.675196771072343
112.42105263157895 165.4916603564699 23.78987080402797 15.23107661942857
124.36781609195403 184.07535455103272 32.50551357401124 10.182574286385032
102.29885057471265 122.85515329803948 48.8794907546199 13.068236777857399
146.0919540229885 254.7668804583476 55.84254076308898 7.256575618985782
128.50574712643677 152.0427977005467 -17.187400829466583 5.852324277208873
102.64367816091954 294.4727152578395 38.91283287263479 24.09348453361222
135.97701149425288 77.97879284348988 25.17265606719098 26.953853983172607
102.41379310344827 266.66873979711795 -46.62315197776213 15.43601656922859
115.0574712643678 258.1528650336255 43.34217009368041 7.684479570166778
106.66666666666666 214.6243826226509 -50.44491371347923 9.273688391491536
113.79310344827586 188.67337817896507 -65.08306631950636 9.669311415320642
135.97701149425288 116.87645067764976 23.243306733187623 9.103420431869596
