106.67280000000001 87.11587693339021 27.464629339003917
126.5556 87.30961117581758 17.854788870170072
146.228 227.1974850595963 53.08131901754424
128.55440000000002 112.97458573147215 22.325058307399182
162.32360000000003 106.66482412390154 32.168108385075755
170.6344 150.89827647048125 61.3503334812463
131.2896 91.47108894970955 -27.71298801992912
142.546 74.52553642483983 33.325109344049764
106.25200000000001 140.87171399282582 32.771068419078205
103.622 162.55217505232784 -6.972317824073447
112.3536 165.4943293286908 23.723820156257915
102.5736 184.90497925750236 36.063800434961664
120.4908 245.81399580508386 54.83617510103399
105.98639999999999 157.26716837100778 -3.5054704095150626
112.1484 84.36898402708651 23.753218153233323
112.1484 113.26412061341514 43.77745087727973
