101.4 89.01231721809002 27.113234658795097 32.54337726915485
120.3 87.95737273401387 18.155867535329456 38.816689083713754
139.0 227.14603570230676 53.25872020747223 5.556222975721635
122.2 111.82556324421819 25.947233670718017 34.499769243947796
154.3 109.36421283096159 30.8892264656329 7.933891405855206
162.2 151.56075292117131 60.232181842313054 4.712272208658183
124.8 92.0004662828299 -28.57776525403133 28.162183655389015
135.5 76.04127922869937 33.177989499410955 27.720809519964156
101.0 142.21973664868514 31.96123161408674 7.776663795762531
106.8 165.7363743379584 17.998796017464308 17.32880629319865
108.2 185.36729309426704 40.291641172370966 12.487076125648457
127.1 248.2580102955949 55.20177151847687 8.31908034099801
111.8 155.94373427026514 -7.797440429277625 6.7470334814761
118.3 82.53787459687801 24.209546394651483 28.99665056710323
100.1 259.3579110619067 44.915381239377616 8.84594567156766
118.3 114.80784022416091 35.91995532358325 11.049721375546843
