106.73684210526316 50.30705143439412 15.132986095134962 13.900436640142127
126.63157894736842 73.31851923555821 3.4221546008915573 3.418902872508056
146.31578947368422 227.7413686105807 49.84536352412103 1.212409999872207
128.63157894736844 109.15979829821953 0.5003082442340012 2.5639532773759663
162.42105263157896 38.37755705739734 41.4225335259413 7.683774815153098
170.73684210526315 78.5534163031749 83.63100630142965 1.0371292781645098
131.3684210526316 81.9626021702578 5.214262187517017 3.513035135565381
142.63157894736844 49.87022382778808 2.6618894032947362 8.83426634439505
106.31578947368422 102.17354415456683 56.82163082413958 1.6816796450237392
103.6842105263158 157.5614433265244 -18.395530051822824 1.9265109234698028
112.42105263157895 160.9505940018849 -23.24031558216708 1.688084480321179
124.36781609195403 180.0600872115901 -33.11954788591748 1.411928965726545
102.29885057471265 111.08806414346094 -28.97148265548811 1.8930946042621926
146.0919540229885 295.5260639413082 48.17247652039794 1.7171515341178516
128.50574712643677 95.87862290371167 -66.45434350797932 1.3681413606137087
102.64367816091954 263.19225727568084 4.856900293781553 2.8833398068269624
135.97701149425288 50.46263539574933 4.101525705140041 11.208490741551783
102.41379310344827 317.99920308683676 -15.252484344728547 4.8655804148864314
115.0574712643678 251.33147422905404 36.03208061528437 1.7637927178846045
106.66666666666666 308.6253667031224 -56.85981484304042 2.3460200972813667
113.79310344827586 334.89719997347146 -52.437868096537464 9.802652297398428
135.97701149425288 97.84572253299362 -26.016298542461726 1.5398741835076195
