106.73684210526316 50.30705123487961 15.132988514703598
126.63157894736842 73.31851974186095 3.4221709210456606
146.31578947368422 227.74136789234285 49.84536424976263
128.63157894736844 109.15979763841794 0.5003210129714631
162.42105263157896 38.37757118719949 41.42255624732301
170.73684210526315 78.5534163031749 83.63100630142965
131.3684210526316 81.96260133966977 5.214261831759601
142.63157894736844 49.8702246900078 2.6618934565612764
106.31578947368422 102.17354415456683 56.82163082413958
103.6842105263158 157.56144380925107 -18.395535715647757
112.42105263157895 160.95059635569592 -23.240296592096534
124.36781609195403 180.06008714238936 -33.119542591522716
102.29885057471265 111.08806414346094 -28.97148265548811
146.0919540229885 295.5260639413082 48.17247652039794
128.50574712643677 95.87862290371167 -66.45434350797932
102.64367816091954 263.1922576657378 4.856906627081547
135.97701149425288 50.462635118163256 4.101525817582037
102.41379310344827 317.99920308683676 -15.252484344728547
115.0574712643678 251.33147425173695 36.03208066453977
106.66666666666666 308.62536669006835 -56.859813320902596
113.79310344827586 334.8972208175907 -52.43783897608143
135.97701149425288 97.84572253299362 -26.016298542461726
