101.4 51.04364250329818 16.08254579995458
120.3 73.67297330689414 2.9745351021538844
139.0 227.73951053420936 49.904699160767095
122.2 109.33584857822575 1.680008338561908
154.3 39.85276452476057 41.55272585288678
162.2 84.45680542236934 83.48551230054788
124.8 82.18889818826068 5.000506034807508
135.5 50.56163466518112 2.3212501280953965
101.0 103.25577519466862 56.35152548350207
106.8 161.1278222122802 -22.208948305316138
108.2 180.20707220678355 -30.63962726718618
127.1 294.0565901921742 49.01105579894913
111.8 101.02032990174277 -65.06260248563778
118.3 52.313675835442865 7.646108375200664
100.1 251.6566202636692 36.33028441004698
118.3 99.82893685533281 -23.969835559928303
