88.8 190.24 1.53489
82.6 178.662 -18.6646
101.4 32.7401 -3.33381
57.3 90.4718 8.16553
120.3 64.4433 12.6412
139 227.712 48.6764
76.9 70.2838 19.3454
122.2 102.59 -19.4084
68.8 236.52 74.8143
69.1 205.023 55.8856
79.3 171.646 53.0496
59.2 197.935 43.3661
59.7 187.376 54.5666
57.9 89.1752 5.13832
64.2 124.664 17.328
80.7 152.5 22.2826
75 158.062 31.5394
64.5 156.612 -6.85856
64.2 26.0432 77.3422
62.5 43.7125 52.7628
154.3 9.46807 37.1425
59.5 81.3261 4.49543
65.2 77.4084 -29.0983
61.7 140.456 7.59936
66.5 166.189 4.72516
64 173.396 30.706
57.6 176.02 36.6548
61.2 149.569 13.1131
63.7 169 43.5081
65.2 132.295 -17.9767
58 336.451 52.9367
92.2 181.232 48.2876
67.1 219.901 10.227
68.9 180.227 42.6475
93.5 99.6117 69.8769
60.5 194.811 34.603
66.3 129.229 -30.297
162.2 3.21046 76.7637
67.4 110.167 -30.1146
124.8 77.0598 9.88319
135.5 35.722 -4.68482
74.7 153.832 12.7074
65.4 131.924 24.613
73.9 221.406 13.1573
62.3 202.065 64.2353
61.2 317.362 70.0584
89.3 147.224 -23.5337
69.2 94.8427 56.9868
83.3 145.27 54.7743
63.3 215.637 53.064
78.8 170.903 40.0228
72.6 225.12 59.6969
78.7 135.055 -11.6358
57.6 72.1797 39.3951
72.9 182.368 57.8529
81.6 165.659 39.3
57.4 66.4336 -23.0529
91.8 35.6851 59.5316
60.3 200.541 28.0567
101 66.5622 64.9105
76.9 156.269 39.1319
75.6 105.629 57.1658
57.8 148.419 49.5362
59 115.651 2.27861
57.4 187.969 60.6489
60.5 185.103 -49.9066
68.2 161.986 -7.11505
98.5 152.312 -39.6026
106.8 156.341 -42.4745
66.8 104.547 50.7712
62.5 154.639 57.4467
68.5 154.408 -23.0569
