106.67280000000001 87.11587108681664 27.464639671105157 31.639926706471257
126.5556 87.30960946353838 17.854782432151996 36.933790402367634
146.228 227.19748711903853 53.081319446833064 5.279656183425036
128.55440000000002 112.9745851759444 22.325064875387906 35.1697088556222
162.32360000000003 106.66476891600524 32.16804426920117 7.553566288468876
170.6344 150.89827647048125 61.3503334812463 4.478334526734595
131.2896 91.47109030319203 -27.712982276586573 26.536697176793083
142.546 74.52555978230193 33.32506650868853 27.179657485279904
106.25200000000001 140.87171399282582 32.771068419078205 7.376741209809255
103.622 162.55217504052828 -6.972280928368106 23.72370813214845
112.3536 165.49433076569701 23.7238251207134 15.25284787120869
102.5736 184.9049809447686 36.06381516315365 13.626736319398496
120.4908 245.81399900224145 54.83617507239907 8.767162777745577
105.98639999999999 157.26716837100778 -3.5054704095150626 7.133190746593387
112.1484 84.36898613450317 23.75321391645875 29.777422237905846
112.1484 113.2640858729387 43.7775481458887 12.55503027440465
