106.73684210526316 87.11528717323657 27.46208560257957
126.63157894736842 87.30262602119195 17.83758199837213
146.31578947368422 227.1980799227721 53.07924074548295
128.63157894736844 112.98736714418251 22.276946383592705
162.42105263157896 106.63186102741328 32.1829595556454
170.73684210526315 150.89051393447588 61.36355031167687
131.3684210526316 91.46538528489285 -27.70027902390966
142.63157894736844 74.50798276218319 33.326173519169984
106.31578947368422 140.85517979457467 32.78067924888782
103.6842105263158 162.54298004025213 -6.624559824802127
112.42105263157895 165.4916591743949 23.78986627615441
124.36781609195403 184.07536130708027 32.50560790217416
102.29885057471265 122.85515418104897 48.87948408376677
146.0919540229885 254.7668804583476 55.84254076308898
128.50574712643677 152.0427977005467 -17.187400829466583
102.64367816091954 294.47271226520246 38.91283119959728
135.97701149425288 77.97879335746147 25.172663746383588
102.41379310344827 266.66873923986816 -46.62315092412963
115.0574712643678 258.1528648223963 43.34216973970256
106.66666666666666 214.624383252966 -50.44491365014863
113.79310344827586 188.67337829966127 -65.08306677768525
135.97701149425288 116.876456492105 23.243294762675816
