106.67280000000001 50.31546871666035 15.144376258080344
126.5556 73.32261763505251 3.4170498406505736
146.228 227.74134850821835 49.84604241007483
128.55440000000002 109.16190967954752 0.513675659484269
162.32360000000003 38.3945641766675 41.42407675040622
170.6344 78.622160578739 83.62971175198898
131.2896 81.965198015453 5.211794330964403
142.546 49.87813042416066 2.6586915920267096
106.25200000000001 102.18615944403598 56.816261123940464
103.622 157.5637002930199 -18.38238113559012
112.3536 160.9526943483827 -23.228541441434142
102.5736 180.27259937469861 -29.589553305574196
120.4908 293.40494954034904 49.348033181620394
105.98639999999999 103.06038536264715 -64.4108617271317
112.1484 53.003956776378985 9.108845207995035
112.1484 100.62205340546468 -23.10153929834412
