101.4 51.043642632578766 16.08255808457182 14.427373245053998
120.3 73.67297352849582 2.974533217835718 3.6209352351962587
139.0 227.73951391360194 49.90469872123332 1.276313889387586
122.2 109.33584829561825 1.680002125084642 2.737065861847723
154.3 39.852766216620935 41.55273246272242 8.050714366051848
162.2 84.45680542236934 83.48551230054788 1.0915151587657876
124.8 82.18889945610528 5.000512338918931 3.7384562038020657
135.5 50.56163488924779 2.321249698924366 9.411509690433466
101.0 103.25577519466862 56.35152548350207 1.769966331705685
106.8 161.12782265949843 -22.20893697727317 1.7829930683790318
108.2 180.20707070077015 -30.639622581087654 1.6300725597017676
127.1 294.0565901921742 49.01105579894913 1.97040510128192
111.8 101.02032990174277 -65.06260248563778 1.5701678812081452
118.3 52.31367108754859 7.6461309313306955 12.933530572271174
100.1 251.65662031835052 36.33028422660534 2.027677889341947
118.3 99.82893685533281 -23.969835559928303 1.7720157938774768
