106.67280000000001 50.31546808143718 15.144368891050657 13.906588748432897
126.5556 73.32261886394892 3.4170128191822657 3.42118132654265
146.228 227.7413492268969 49.846041684399516 1.2131386079839748
128.55440000000002 109.16190942707016 0.5136769383314324 2.565936828258352
162.32360000000003 38.39455768577957 41.42405763047428 7.68799262476439
170.6344 78.622160578739 83.62971175198898 1.0377482461430974
131.2896 81.96519568866849 5.21181141739708 3.5155474775757503
142.546 49.87812981888804 2.658692685328044 8.840813123553932
106.25200000000001 102.18615944403598 56.816261123940464 1.6826870659063862
103.622 157.5637002930199 -18.38238113559012 1.9277816804086974
112.3536 160.95269236224448 -23.22855582429383 1.6891848576049633
102.5736 180.27259956203704 -29.58954732503377 1.7228534426048836
120.4908 293.40494954034904 49.348033181620394 2.0770485817418454
105.98639999999999 103.06038536264715 -64.4108617271317 1.655232497785992
112.1484 53.00395769922384 9.108845867757251 13.61923513012398
112.1484 100.62205340546468 -23.10153929834412 1.8702486304733013
